-0.0881776525
-200.981347047
-5813.53245584
-1335.9659979
-281.215360366
-31.9318917316
90.1220016533
0
851.442337654
-138.177922809
-176.817313237
-769.512485667
7.28E-12
-62.4002158364
-22.7730272522
43.1583420975
-108.920805109
-42.7695770298
-2788.00993112
18.8869458642
881.37138521
499.247453043
12600.8897406
-675.776312706
-703.371904503
-46.8046502934
-136.493478086
65.5094172107
0.0801861687
276.237374561
3004.27804793
42.6135624225
5.2883634374
3.41E-13
-196.62831775
323.647033781
-66.2600567719
-1.0968738989
22.0370852285
-67.6460483965
40.9755763856
29.4252382317
-362.570793502
80.1116944146
-126.523771679
-126.523771679
-38.4768611054
-0.6948299018
-111.543492759
-844.494361045
115.265395607
-155.402622684
136.307697066
3638.30047974
-352.44926428
-345.101025215
-801.308851137
-0.3592393994
-450.092658489
-85.2151356348
-168.589117193
123.638182921
-148.413553829
234.972292184
6.82E-13
-108.057143726
-15.1880433514
41.8781990873
483.052734061
-618.414968641
-145.014014171
-427.348838487
-218.181019037
2.0955132963

